345.949	1050.61
346.164	1050.61
346.38	1069.04
346.595	1095.66
346.811	1152.32
347.026	1202.16
347.241	1250.63
347.457	1269.74
347.672	1272.47
347.887	1285.44
348.103	1283.39
348.318	1301.14
348.533	1280.66
348.749	1295.68
348.964	1279.3
349.179	1281.35
349.395	1269.74
349.61	1290.9
349.825	1307.97
350.04	1337.32
350.256	1355.76
350.471	1357.8
350.686	1312.75
350.901	1310.7
351.116	1318.21
351.332	1361.22
351.547	1353.02
351.762	1357.12
351.977	1344.83
352.192	1338.69
352.407	1353.02
352.622	1370.77
352.838	1370.09
353.053	1353.71
353.268	1356.44
353.483	1361.22
353.698	1380.33
353.913	1342.1
354.128	1348.93
354.343	1321.62
354.558	1357.8
354.773	1329.81
354.988	1363.95
355.203	1378.28
355.418	1430.85
355.633	1402.18
355.848	1389.21
356.063	1365.31
356.278	1372.82
356.493	1354.39
356.707	1330.5
356.922	1350.29
357.137	1383.06
357.352	1402.86
357.567	1409
357.782	1362.58
357.997	1360.53
358.211	1336.64
358.426	1364.63
358.641	1372.14
358.856	1357.12
359.071	1350.29
359.285	1346.88
359.5	1367.36
359.715	1411.73
359.93	1421.29
360.144	1428.12
360.359	1371.46
360.574	1346.88
360.788	1366.68
361.003	1381.7
361.218	1378.97
361.432	1330.5
361.647	1340.74
361.862	1345.52
362.076	1391.25
362.291	1371.46
362.506	1393.98
362.72	1359.17
362.935	1361.9
363.149	1353.71
363.364	1337.32
363.578	1372.14
363.793	1374.87
364.008	1368.73
364.222	1357.12
364.437	1333.23
364.651	1372.82
364.866	1350.29
365.08	1391.25
365.294	1371.46
365.509	1381.7
365.723	1350.98
365.938	1366
366.152	1376.92
366.367	1374.87
366.581	1354.39
366.795	1353.02
367.01	1369.41
367.224	1411.73
367.438	1378.28
367.653	1377.6
367.867	1374.87
368.081	1409.69
368.296	1389.89
368.51	1376.23
368.724	1379.65
368.939	1409.69
369.153	1391.94
369.367	1402.86
369.581	1390.57
369.796	1421.97
370.01	1416.51
370.224	1440.4
370.438	1409
370.652	1415.15
370.867	1406.27
371.081	1428.12
371.295	1426.75
371.509	1443.14
371.723	1471.81
371.937	1501.84
372.151	1499.11
372.365	1461.57
372.58	1443.82
372.794	1434.94
373.008	1456.11
373.222	1428.12
373.436	1441.09
373.65	1451.33
373.864	1461.57
374.078	1464.98
374.292	1419.24
374.506	1423.34
374.72	1388.52
374.934	1423.34
375.148	1411.73
375.362	1463.61
375.576	1473.85
375.789	1467.03
376.003	1438.36
376.217	1428.8
376.431	1464.98
376.645	1484.78
376.859	1506.62
377.073	1487.51
377.287	1473.85
377.5	1469.76
377.714	1481.36
377.928	1468.39
378.142	1441.09
378.356	1457.47
378.569	1497.07
378.783	1525.74
378.997	1504.57
379.211	1477.27
379.424	1441.09
379.638	1460.88
379.852	1468.39
380.065	1474.54
380.279	1466.35
380.493	1482.73
380.706	1495.7
380.92	1511.4
381.134	1503.21
381.347	1510.72
381.561	1501.84
381.775	1514.81
381.988	1529.83
382.202	1555.09
382.415	1556.46
382.629	1592.64
382.842	1589.22
383.056	1602.88
383.269	1574.89
383.483	1567.38
383.696	1569.43
383.91	1604.24
384.123	1604.24
384.337	1600.83
384.55	1587.18
384.764	1583.76
384.977	1607.66
385.191	1600.15
385.404	1625.4
385.617	1615.85
385.831	1630.18
386.044	1637.69
386.258	1680.02
386.471	1703.23
386.684	1716.2
386.898	1715.52
387.111	1720.29
387.324	1718.93
387.538	1712.1
387.751	1688.89
387.964	1691.62
388.177	1705.28
388.391	1738.04
388.604	1755.79
388.817	1736.68
389.03	1729.85
389.244	1757.84
389.457	1789.92
389.67	1809.72
389.883	1781.73
390.096	1752.38
390.31	1759.89
390.523	1777.64
390.736	1798.12
390.949	1787.88
391.162	1766.03
391.375	1776.27
391.588	1806.99
391.801	1801.53
392.014	1835.66
392.227	1868.43
392.44	1931.23
392.653	1882.08
392.867	1856.82
393.08	1854.78
393.293	1889.59
393.505	1869.8
393.718	1903.93
393.931	1919.63
394.144	1925.09
394.357	1884.13
394.57	1884.81
394.783	1909.39
394.996	1914.85
395.209	1942.84
395.422	1941.47
395.635	1991.99
395.848	1963.32
396.06	1990.63
396.273	1962.64
396.486	2009.06
396.699	2030.9
396.912	2049.33
397.125	2039.09
397.337	2049.33
397.55	2067.08
397.763	2090.98
397.976	2074.59
398.188	2138.08
398.401	2159.24
398.614	2183.13
398.827	2137.4
399.039	2140.81
399.252	2147.64
399.465	2176.31
399.677	2179.72
399.89	2190.64
400.103	2192.01
400.315	2151.73
400.528	2179.04
400.74	2187.23
400.953	2226.14
401.166	2205.66
401.378	2192.01
401.591	2189.28
401.803	2194.74
402.016	2205.66
402.228	2235.02
402.441	2256.86
402.653	2267.78
402.866	2244.57
403.078	2247.99
403.291	2272.56
403.503	2306.01
403.716	2318.3
403.928	2344.24
404.14	2383.15
404.353	2365.4
404.565	2344.24
404.778	2328.54
404.99	2384.52
405.202	2402.95
405.415	2399.54
405.627	2413.87
405.839	2454.83
406.052	2531.97
406.264	2557.23
406.476	2535.39
406.689	2525.15
406.901	2517.64
407.113	2566.79
407.325	2583.85
407.538	2629.59
407.75	2659.63
407.962	2676.01
408.174	2656.22
408.387	2670.55
408.599	2703.32
408.811	2687.62
409.023	2676.7
409.235	2654.85
409.447	2680.11
409.659	2682.16
409.872	2650.75
410.084	2704
410.296	2703.32
410.508	2764.08
410.72	2763.39
410.932	2825.51
411.144	2861.01
411.356	2943.61
411.568	2941.57
411.78	3011.2
411.992	2927.91
412.204	2939.52
412.416	2842.58
412.628	2925.86
412.84	2949.76
413.052	2997.54
413.264	2984.57
413.476	2957.95
413.688	2943.61
413.9	2965.46
414.112	3019.39
414.323	3081.51
414.535	3108.13
414.747	3162.75
414.959	3186.64
415.171	3161.38
415.383	3101.99
415.594	3062.4
415.806	3107.45
416.018	3132.71
416.23	3179.81
416.442	3209.85
416.653	3227.6
416.865	3268.56
417.077	3261.05
417.288	3269.92
417.5	3238.52
417.712	3231.01
417.924	3230.33
418.135	3274.7
418.347	3314.3
418.559	3348.43
418.77	3346.38
418.982	3322.49
419.193	3347.75
419.405	3411.92
419.617	3413.96
419.828	3394.17
420.04	3392.8
420.251	3390.75
420.463	3389.39
420.674	3392.8
420.886	3444
421.097	3523.19
421.309	3461.75
421.52	3438.54
421.732	3383.93
421.943	3424.89
422.155	3459.7
422.366	3555.27
422.578	3542.3
422.789	3585.99
423.001	3569.61
423.212	3610.57
423.423	3601.01
423.635	3567.56
423.846	3545.03
424.057	3516.36
424.269	3483.59
424.48	3548.45
424.691	3551.18
424.903	3608.52
425.114	3650.16
425.325	3752.56
425.537	3762.8
425.748	3671.33
425.959	3645.38
426.17	3667.23
426.382	3777.82
426.593	3782.6
426.804	3826.29
427.015	3775.09
427.226	3761.44
427.438	3760.75
427.649	3783.96
427.86	3814.68
428.071	3859.06
428.282	3841.31
428.493	3829.02
428.704	3791.47
428.915	3887.73
429.126	3950.53
429.338	3940.29
429.549	3888.41
429.76	3867.93
429.971	3899.33
430.182	3896.6
430.393	3902.06
430.604	3912.3
430.815	3983.3
431.026	3985.35
431.237	3957.36
431.448	3966.23
431.658	4028.35
431.869	4139.63
432.08	4087.75
432.291	4019.48
432.502	3947.8
432.713	3979.2
432.924	4050.2
433.135	4067.95
433.346	4072.73
433.556	4046.1
433.767	4091.16
433.978	4157.38
434.189	4150.55
434.4	4097.99
434.61	4037.91
434.821	4046.79
435.032	4084.33
435.243	4129.39
435.453	4149.18
435.664	4181.95
435.875	4175.13
436.086	4167.62
436.296	4214.72
436.507	4181.27
436.718	4204.48
436.928	4162.16
437.139	4242.03
437.349	4270.7
437.56	4254.31
437.771	4313.02
437.981	4349.2
438.192	4414.74
438.402	4337.6
438.613	4363.54
438.824	4416.79
439.034	4384.02
439.245	4371.73
439.455	4293.23
439.666	4361.49
439.876	4424.29
440.087	4552.63
440.297	4591.55
440.508	4554
440.718	4411.32
440.928	4424.29
441.139	4407.91
441.349	4444.77
441.56	4395.62
441.77	4447.51
441.98	4510.31
442.191	4523.96
442.401	4508.94
442.611	4470.03
442.822	4600.42
443.032	4620.22
443.242	4646.16
443.453	4587.45
443.663	4595.64
443.873	4561.51
444.083	4526.01
444.294	4538.98
444.504	4501.44
444.714	4395.62
444.924	4293.91
445.135	4313.02
445.345	4394.26
445.555	4478.91
445.765	4556.05
445.975	4581.99
446.185	4572.43
446.396	4526.01
446.606	4453.65
446.816	4453.65
447.026	4502.12
447.236	4534.2
447.446	4513.04
447.656	4448.19
447.866	4423.61
448.076	4440
448.286	4472.08
448.496	4593.59
448.706	4575.84
448.916	4496.66
449.126	4440.68
449.336	4380.6
449.546	4360.13
449.756	4293.23
449.966	4349.89
450.176	4474.13
450.386	4467.3
450.596	4457.75
450.806	4341.01
451.015	4310.97
451.225	4251.58
451.435	4236.56
451.645	4348.52
451.855	4397.67
452.065	4456.38
452.274	4304.15
452.484	4325.31
452.694	4252.95
452.904	4344.42
453.114	4270.7
453.323	4327.36
453.533	4261.82
453.743	4217.45
453.953	4113
454.162	4221.55
454.372	4161.47
454.582	4276.16
454.791	4176.49
455.001	4206.53
455.211	4072.73
455.42	3983.98
455.63	4022.21
455.839	4050.2
456.049	4111.64
456.259	4012.65
456.468	4027.67
456.678	3987.4
456.887	4125.29
457.097	4059.76
457.306	4089.11
457.516	3976.47
457.725	3986.71
457.935	3945.07
458.144	3962.82
458.354	4035.18
458.563	4046.1
458.773	4087.75
458.982	4011.97
459.192	4003.78
459.401	4025.62
459.61	4053.61
459.82	4035.86
460.029	4011.97
460.238	3996.95
460.448	3940.97
460.657	3907.52
460.866	3866.56
461.076	3975.79
461.285	3925.27
461.494	3955.31
461.704	3936.2
461.913	3932.1
462.122	3934.83
462.331	3901.38
462.541	3937.56
462.75	3961.45
462.959	3912.3
463.168	3863.15
463.377	3852.91
463.587	3853.59
463.796	3816.73
464.005	3812.64
464.214	3827.65
464.423	4006.51
464.632	4010.61
464.841	4047.47
465.051	3905.48
465.26	3872.71
465.469	3850.18
465.678	3852.23
465.887	3882.95
466.096	3934.15
466.305	4022.89
466.514	4082.28
466.723	4112.32
466.932	4078.19
467.141	4047.47
467.35	3983.98
467.559	3939.61
467.768	3945.75
467.977	3959.41
468.186	4030.4
468.394	4000.37
468.603	4096.62
468.812	4125.29
469.021	4118.47
469.23	4127.34
469.439	4156.01
469.648	4213.35
469.856	4213.35
470.065	4167.62
470.274	4242.71
470.483	4197.65
470.692	4229.74
470.9	4162.16
471.109	4239.98
471.318	4300.73
471.527	4356.03
471.735	4424.29
471.944	4450.92
472.153	4434.54
472.361	4428.39
472.57	4460.48
472.779	4543.08
472.987	4465.94
473.196	4420.2
473.405	4428.39
473.613	4486.42
473.822	4609.29
474.03	4670.05
474.239	4751.97
474.448	4700.77
474.656	4699.41
474.865	4715.79
475.073	4748.56
475.282	4764.94
475.49	4843.45
475.699	4893.28
475.907	4972.47
476.116	4947.89
476.324	5035.27
476.533	5061.9
476.741	5097.39
476.949	5171.8
477.158	5214.13
477.366	5238.02
477.575	5225.05
477.783	5230.51
477.991	5330.86
478.2	5277.62
478.408	5346.56
478.616	5389.57
478.825	5536.34
479.033	5535.66
479.241	5628.5
479.45	5676.29
479.658	5812.82
479.866	5758.89
480.074	5813.5
480.283	5863.33
480.491	5965.73
480.699	5994.4
480.907	6021.03
481.115	6038.78
481.324	6134.35
481.532	6227.19
481.74	6358.94
481.948	6378.74
482.156	6399.22
482.364	6386.25
482.572	6472.26
482.78	6552.13
482.989	6646.34
483.197	6700.95
483.405	6808.81
483.613	6933.06
483.821	6991.08
484.029	7004.05
484.237	6969.92
484.445	7022.48
484.653	7147.41
484.861	7289.4
485.069	7368.59
485.277	7409.55
485.485	7542.67
485.693	7595.92
485.9	7655.31
486.108	7662.82
486.316	7769.99
486.524	7854.64
486.732	7959.77
486.94	7985.03
487.148	8037.59
487.355	8055.34
487.563	8199.38
487.771	8254.68
487.979	8357.76
488.187	8378.24
488.394	8417.15
488.602	8429.44
488.81	8636.28
489.018	8793.29
489.225	9000.82
489.433	8963.28
489.641	8981.03
489.849	8962.59
490.056	9084.11
490.264	9196.75
490.472	9281.39
490.679	9362.63
490.887	9466.39
491.094	9574.94
491.302	9665.05
491.51	9738.09
491.717	9827.52
491.925	9917.63
492.132	10085.6
492.34	10174.3
492.547	10355.9
492.755	10349.1
492.962	10388.7
493.17	10321.1
493.377	10456.9
493.585	10594.8
493.792	10739.5
494	10789.4
494.207	10871.3
494.415	10966.9
494.622	11087.7
494.829	11184.6
495.037	11218.1
495.244	11326.6
495.452	11304.1
495.659	11489.8
495.866	11530.7
496.074	11676.8
496.281	11784.7
496.488	11903.5
496.696	12051.6
496.903	12091.9
497.11	12078.9
497.317	12154
497.525	12169
497.732	12383.4
497.939	12465.3
498.146	12588.9
498.354	12653.7
498.561	12793
498.768	12903.6
498.975	13008
499.182	13080.4
499.389	13219.6
499.596	13238.1
499.804	13333.6
500.011	13409.4
500.218	13564.4
500.425	13751.4
500.632	13976.7
500.839	14122.1
501.046	14134.4
501.253	14135.8
501.46	14192.4
501.667	14310.5
501.874	14447.1
502.081	14647.1
502.288	14733.8
502.495	14881.2
502.702	14892.8
502.909	15078.5
503.116	15176.1
503.323	15393.2
503.53	15464.9
503.737	15472.4
503.943	15512
504.15	15689.5
504.357	15868.3
504.564	16063.6
504.771	16212.4
504.978	16328.5
505.184	16357.1
505.391	16340.7
505.598	16501.8
505.805	16602.9
506.012	16784.5
506.218	16796.8
506.425	16980.4
506.632	17202.9
506.838	17435.7
507.045	17581.8
507.252	17510.8
507.458	17603
507.665	17722.4
507.872	17985.3
508.078	18095.9
508.285	18230.3
508.492	18315.7
508.698	18459.7
508.905	18420.8
509.111	18635.2
509.318	18725.9
509.525	19035.9
509.731	19022.9
509.938	19216.8
510.144	19393.6
510.351	19668.7
510.557	19726
510.764	19860.5
510.97	19838.7
511.177	20098.1
511.383	20170.4
511.589	20337
511.796	20353.4
512.002	20587.5
512.209	20672.9
512.415	20917.3
512.621	21072.2
512.828	21354.2
513.034	21421.8
513.24	21561
513.447	21637.5
513.653	21799.9
513.859	21908.5
514.066	22145.4
514.272	22182.2
514.478	22283.3
514.684	22351.5
514.891	22577.5
515.097	22686
515.303	22858.7
515.509	22895.6
515.716	23090.2
515.922	23144.1
516.128	23364.6
516.334	23454.7
516.54	23708.7
516.746	23982.4
516.952	24249.3
517.159	24316.9
517.365	24597.5
517.571	24730.6
517.777	24916.3
517.983	24923.8
518.189	24990.7
518.395	25156.6
518.601	25183.9
518.807	25317
519.013	25452.8
519.219	25714.3
519.425	25757.3
519.631	25926.6
519.837	26067.9
520.043	26253.6
520.249	26503.4
520.455	26570.3
520.661	26797
520.866	26794.3
521.072	26915.1
521.278	27085.8
521.484	27279.6
521.69	27436
521.896	27513.8
522.102	27679.7
522.307	27833.3
522.513	28072.9
522.719	28121.3
522.925	28256.5
523.13	28395.8
523.336	28550
523.542	28741.2
523.748	28890
523.953	29005.4
524.159	29144
524.365	29191.1
524.57	29524.9
524.776	29689.4
524.982	29810.2
525.187	29810.2
525.393	29950.2
525.599	30018.4
525.804	30112
526.01	30276.5
526.215	30507.2
526.421	30637.6
526.626	30557.7
526.832	30653.3
527.037	30673.8
527.243	30841.7
527.448	30796
527.654	31016.5
527.859	31057.4
528.065	31204.9
528.27	31340.7
528.476	31418.6
528.681	31472.5
528.887	31430.9
529.092	31609
529.297	31740.1
529.503	31852.1
529.708	32009.8
529.914	32254.1
530.119	32286.2
530.324	32387.9
530.53	32319
530.735	32534.7
530.94	32547.7
531.145	32783.9
531.351	32694.5
531.556	32738.1
531.761	32955.9
531.966	33115
532.172	33339.6
532.377	33286.3
532.582	33343
532.787	33394.2
532.992	33332.7
533.198	33502.7
533.403	33502
533.608	33674.1
533.813	33821.5
534.018	34034.5
534.223	34197.7
534.428	34243.4
534.633	34350.6
534.839	34287.1
535.044	34440
535.249	34362.9
535.454	34536.3
535.659	34547.9
535.864	34734.2
536.069	34851.6
536.274	34956.8
536.479	34871.4
536.684	34917.9
536.888	34951.3
537.093	35223.7
537.298	35248.3
537.503	35341.8
537.708	35337
537.913	35410.7
538.118	35526.1
538.323	35773.9
538.528	35868.1
538.732	35953.5
538.937	35741.8
539.142	35902.9
539.347	35905
539.552	36106.4
539.756	36185.6
539.961	36446.3
540.166	36436.1
540.371	36395.1
540.575	36361
540.78	36412.9
540.985	36572.6
541.189	36670.9
541.394	37048.4
541.599	37144.7
541.803	37165.9
542.008	37064.8
542.213	37161.8
542.417	37200
542.622	37331.1
542.826	37479.2
543.031	37547.5
543.236	37583
543.44	37498.3
543.645	37647.1
543.849	37681.3
544.054	37864.2
544.258	37929.1
544.463	37968
544.667	37907.9
544.872	37954.3
545.076	38028.7
545.281	38114.7
545.485	38263.6
545.689	38329.8
545.894	38383.7
546.098	38355
546.303	38560.5
546.507	38527.8
546.711	38717.5
546.916	38619.2
547.12	38839
547.324	38740.7
547.529	38970.8
547.733	39071.1
547.937	39007.7
548.141	38912.1
548.346	38931.2
548.55	39259.6
548.754	39256.1
548.958	39390.6
549.163	39242.5
549.367	39399.5
549.571	39531.9
549.775	39696.5
549.979	39708.8
550.184	39753.1
550.388	39901.3
550.592	40091.7
550.796	40180.5
551	40062.4
551.204	40076
551.408	40041.2
551.612	40298.6
551.816	40315.6
552.02	40578.5
552.224	40652.9
552.428	40745
552.632	40752.5
552.836	40871.3
553.04	40918.4
553.244	40790.8
553.448	40645.4
553.652	40860.4
553.856	41022.9
554.06	41124.6
554.264	41171
554.468	41187.4
554.672	41362.1
554.875	41365.6
555.079	41541.7
555.283	41634.5
555.487	41900.8
555.691	41891.9
555.895	42020.2
556.098	41879.6
556.302	41939
556.506	41938.3
556.71	42117.2
556.913	42225.7
557.117	42397.7
557.321	42328.8
557.525	42470.8
557.728	42350.6
557.932	42483.7
558.136	42373.2
558.339	42506.3
558.543	42511.1
558.747	42575.9
558.95	42642.1
559.154	42697.4
559.357	42698.8
559.561	42722
559.765	42759.5
559.968	42855.1
560.172	42854.4
560.375	42855.8
560.579	42831.2
560.782	42928.8
560.986	43272.2
561.189	43550.1
561.393	43642.9
561.596	43474.3
561.799	43379.4
562.003	43601.3
562.206	43879.8
562.41	43882.5
562.613	43860
562.817	43568.5
563.02	43771.9
563.223	43875.7
563.427	44202
563.63	44172.6
563.833	44243.6
564.037	44140.6
564.24	44119.4
564.443	44093.4
564.646	44360.4
564.85	44353.5
565.053	44184.9
565.256	44074.3
565.459	44283.9
565.663	44497.6
565.866	44449.1
566.069	44529.7
566.272	44272.3
566.475	44316
566.678	44290.1
566.882	44554.2
567.085	44587
567.288	44643
567.491	44714.7
567.694	44617
567.897	44411.6
568.1	44536.5
568.303	44745.4
568.506	44989.8
568.709	44776.1
568.912	44698.3
569.115	44664.2
569.318	44696.9
569.521	44741.3
569.724	44692.8
569.927	44718.1
570.13	44671.7
570.333	44639.6
570.536	44779.5
570.739	44806.8
570.942	44893.5
571.145	44846.4
571.347	44978.2
571.55	45040.3
571.753	45148.8
571.956	44979.5
572.159	45210.3
572.362	44981.6
572.564	45221.9
572.767	44886
572.97	45097
573.173	45034.1
573.375	45148.2
573.578	45243.7
573.781	45234.9
573.983	45291.5
574.186	44905.1
574.389	44888.7
574.591	44826.6
574.794	45148.8
574.997	45202.8
575.199	45221.2
575.402	45066.2
575.605	44985
575.807	44840.3
576.01	44688
576.212	44594.5
576.415	44879.9
576.617	45043
576.82	45035.5
577.022	44777.5
577.225	44681.2
577.427	44750.8
577.63	44735.1
577.832	44785
578.035	44713.3
578.237	44764.5
578.44	44580.9
578.642	44582.2
578.845	44562.4
579.047	44465.5
579.249	44414.3
579.452	44225.2
579.654	44349.4
579.856	44206.1
580.059	44083.2
580.261	43962.4
580.463	44046.3
580.666	44180.8
580.868	44131.7
581.07	44010.2
581.272	43916.6
581.475	43754.2
581.677	43589
581.879	43530.3
582.081	43587.6
582.283	43707.8
582.486	43565.1
582.688	43602.6
582.89	43388.3
583.092	43376
583.294	43102.9
583.496	43051.7
583.698	43010.8
583.9	43085.8
584.103	43240.8
584.305	43225.8
584.507	43239.4
584.709	42978.7
584.911	42902.9
585.113	42487.2
585.315	42605.3
585.517	42573.9
585.719	42846.2
585.921	42713.8
586.123	42427.8
586.325	42356.1
586.526	42181.3
586.728	42324
586.93	42223.7
587.132	42065.3
587.334	41954
587.536	41749.2
587.738	41630.4
587.94	41547.1
588.141	41498.7
588.343	41537.6
588.545	41515.1
588.747	41386.7
588.949	41319.8
589.15	41150.5
589.352	41212
589.554	41181.9
589.756	41090.4
589.957	40931.4
590.159	40809.9
590.361	40869.3
590.562	40728.6
590.764	40499.3
590.966	40073.3
591.167	40059.6
591.369	39980.4
591.57	40021.4
591.772	39962
591.974	39852.1
592.175	39879.4
592.377	39691
592.578	39727.2
592.78	39615.9
592.981	39555.8
593.183	39469.1
593.384	39398.8
593.586	39411.1
593.787	39213.1
593.989	39278
594.19	39084.1
594.392	39098.5
594.593	38679.3
594.795	38636.3
594.996	38468.4
595.197	38448.6
595.399	38181.6
595.6	38344.1
595.801	38226.7
596.003	38387.8
596.204	38187.1
596.405	38101.8
596.607	37918.8
596.808	37817.1
597.009	37755
597.211	37691.5
597.412	37661.5
597.613	37560.4
597.814	37335.2
598.015	37139.9
598.217	37259.4
598.418	37286
598.619	37233.4
598.82	36984.9
599.021	36972
599.222	36936.5
599.424	36828.6
599.625	36761.7
599.826	36466.8
600.027	36392.4
600.228	36144.6
600.429	36227.2
600.63	36137.1
600.831	36290.7
601.032	36012.2
601.233	35957.6
601.434	35727.5
601.635	35779.4
601.836	35657.9
602.037	35460.6
602.238	35384.1
602.439	35246.2
602.64	35279.7
602.841	35214.1
603.042	35160.9
603.242	35030.5
603.443	34828.4
603.644	34655
603.845	34433.2
604.046	34255
604.247	34162.2
604.447	34221.6
604.648	34255.7
604.849	34252.3
605.05	34156.7
605.25	34196.3
605.451	34115.7
605.652	34124.6
605.853	33936.2
606.053	33715
606.254	33482.9
606.455	33306.8
606.655	33364.1
606.856	33130.7
607.057	33050.1
607.257	32796.2
607.458	32899.9
607.659	32932.7
607.859	32945
608.06	33012.6
608.26	32778.4
608.461	32542.9
608.661	32214.5
608.862	32125.1
609.062	32327.9
609.263	32116.2
609.463	31953.8
609.664	31581.7
609.864	31585.1
610.065	31637.7
610.265	31567.4
610.466	31512.8
610.666	31312.1
610.866	31282.7
611.067	30960.5
611.267	30953
611.468	30802.8
611.668	30916.1
611.868	30871.1
612.069	30820.6
612.269	30679.3
612.469	30420.5
612.669	30402.8
612.87	30234.8
613.07	30253.3
613.27	30055.3
613.47	30163.8
613.671	30148.8
613.871	30188.4
614.071	30064.9
614.271	29912.6
614.471	29802.7
614.672	29729
614.872	29750.2
615.072	29619.8
615.272	29642.3
615.472	29389.7
615.672	29466.9
615.872	29176
616.072	29095.5
616.272	28921.4
616.472	28857.9
616.672	28888.6
616.872	28646.3
617.072	28550
617.272	28407.4
617.472	28368.5
617.672	28345.9
617.872	28214.2
618.072	28137
618.272	27989.6
618.472	28070.8
618.672	28035.3
618.872	28013.5
619.072	27818.2
619.272	27665.3
619.471	27635.3
619.671	27538.4
619.871	27493.3
620.071	27287.8
620.271	27143.1
620.471	27075.5
620.67	26925.3
620.87	26779.2
621.07	26619.5
621.27	26539.6
621.469	26389.4
621.669	26302.7
621.869	26252.2
622.068	26192.2
622.268	26156
622.468	26069.3
622.667	26086.3
622.867	25934.1
623.067	25761.4
623.266	25695.2
623.466	25543.6
623.665	25511.5
623.865	25409.1
624.065	25500.6
624.264	25532.7
624.464	25489.7
624.663	25233.7
624.863	25061.7
625.062	24944.9
625.262	24969.5
625.461	24741.5
625.661	24609.8
625.86	24515.6
626.059	24579.7
626.259	24553.1
626.458	24398.8
626.658	24276.6
626.857	24062.3
627.056	24000.8
627.256	23908.7
627.455	23994.7
627.654	23869.8
627.854	23778.3
628.053	23615.8
628.252	23495
628.452	23473.8
628.651	23350.3
628.85	23329.8
629.049	23124.3
629.248	23045.1
629.448	23043.7
629.647	22969.3
629.846	22833.5
630.045	22608.9
630.244	22516.7
630.444	22410.2
630.643	22425.9
630.842	22314.7
631.041	22309.9
631.24	22211.6
631.439	22090.1
631.638	21926.2
631.837	21847
632.036	21902.3
632.235	21779.5
632.434	21645
632.633	21522.1
632.832	21565.8
633.031	21507.8
633.23	21422.4
633.429	21279.8
633.628	21112.5
633.827	20971.2
634.026	20908.4
634.225	20843.5
634.424	20815.6
634.623	20757.5
634.822	20622.4
635.02	20494.7
635.219	20425.1
635.418	20405.3
635.617	20444.9
635.816	20364.3
636.014	20373.9
636.213	20205.3
636.412	20130.8
636.611	20001.1
636.809	19998.4
637.008	19823
637.207	19746.5
637.406	19515.1
637.604	19493.9
637.803	19372.4
638.002	19343.1
638.2	19197.7
638.399	19129.4
638.597	19121.2
638.796	19166.3
638.995	18997
639.193	18906.8
639.392	18710.9
639.59	18832.4
639.789	18647.4
639.987	18645.4
640.186	18547.1
640.384	18506.8
640.583	18462.4
640.781	18390.8
640.98	18474
641.178	18291.8
641.377	18146.4
641.575	18002.3
641.774	18031.7
641.972	18087
642.17	17987.3
642.369	17902.7
642.567	17697.2
642.766	17736.1
642.964	17706.7
643.162	17717
643.36	17527.2
643.559	17386.6
643.757	17163.3
643.955	17232.3
644.154	17214.5
644.352	17267.1
644.55	17183.1
644.748	17241.8
644.946	17182.5
645.145	17101.9
645.343	16936
645.541	16893
645.739	16949
645.937	16905.3
646.135	16716.2
646.334	16585.1
646.532	16596.7
646.73	16643.8
646.928	16534.6
647.126	16465.7
647.324	16462.3
647.522	16447.2
647.72	16266.3
647.918	16264.3
648.116	16131.8
648.314	16144.8
648.512	16122.3
648.71	16105.2
648.908	16084.1
649.106	16001.5
649.304	15968
649.502	15935.9
649.7	15885.4
649.897	15871.8
650.095	15818.5
650.293	15732.5
650.491	15729.8
650.689	15701.8
650.887	15662.9
651.084	15626.7
651.282	15613
651.48	15593.9
651.678	15510
651.875	15468.3
652.073	15451.9
652.271	15438.3
652.469	15365.2
652.666	15351.6
652.864	15368
653.062	15341.3
653.259	15260.1
653.457	15211.6
653.655	15231.4
653.852	15241
654.05	15122.9
654.247	15064.9
654.445	15114.7
654.643	15157.7
654.84	15096.3
655.038	14943.3
655.235	14757
655.433	14788.4
655.63	14808.9
655.828	14893.5
656.025	14813.6
656.223	14813.6
656.42	14860.1
656.618	14865.5
656.815	14875.1
657.012	14825.9
657.21	14749.5
657.407	14734.5
657.605	14670.3
657.802	14703.7
657.999	14621.1
658.197	14721.5
658.394	14678.5
658.591	14616.4
658.789	14463.4
658.986	14497.6
659.183	14548.8
659.38	14606.8
659.578	14648.4
659.775	14565.8
659.972	14525.6
660.169	14442.3
660.367	14458
660.564	14528.3
660.761	14518.1
660.958	14581.5
661.155	14492.8
661.352	14571.3
661.549	14531
661.746	14548.8
661.944	14492.8
662.141	14463.4
662.338	14574
662.535	14643.7
662.732	14731
662.929	14774
663.126	14683.9
663.323	14735.1
663.52	14611.6
663.717	14637.5
663.914	14596.6
664.111	14681.9
664.308	14737.9
664.505	14737.2
664.701	14734.5
664.898	14864.2
665.095	14784.3
665.292	14673.7
665.489	14449.1
665.686	14517.4
665.883	14600.7
666.079	14589.7
666.276	14673.7
666.473	14687.3
666.67	14722.8
666.867	14594.5
667.063	14587
667.26	14709.9
667.457	14774
667.653	14786.3
667.85	14839.6
668.047	14948.1
668.243	14976.1
668.44	14964.5
668.637	14955
668.833	14998.6
669.03	14982.3
669.227	14981.6
669.423	15008.9
669.62	15048.5
669.816	15022.5
670.013	15042.3
670.209	15053.9
670.406	15172
670.602	15138.6
670.799	15165.9
670.995	15062.8
671.192	15148.1
671.388	15112.6
671.585	15214.4
671.781	15236.2
671.978	15387.8
672.174	15416.4
672.37	15486.7
672.567	15493.6
672.763	15529.1
672.96	15380.2
673.156	15390.5
673.352	15315.4
673.549	15538.6
673.745	15552.3
673.941	15749.6
674.137	15727.7
674.334	15815.1
674.53	15797.3
674.726	15852.6
674.922	15838.3
675.119	15950.9
675.315	15970.1
675.511	16176.9
675.707	16181
675.903	16278.6
676.099	16156.4
676.296	16253.4
676.492	16285.4
676.688	16377.6
676.884	16341.4
677.08	16516.9
677.276	16599.5
677.472	16671.1
677.668	16554.4
677.864	16568.8
678.06	16634.3
678.256	16688.2
678.452	16777.6
678.648	16959.2
678.844	17046.6
679.04	17112.8
679.236	17028.9
679.432	17076
679.628	17036.4
679.824	17105.3
680.02	17095.8
680.215	17229.6
680.411	17263.7
680.607	17349.7
680.803	17360.6
680.999	17385.9
681.195	17413.9
681.39	17468.5
681.586	17559.3
681.782	17667.1
681.978	17740.9
682.173	17816.6
682.369	17811.9
682.565	17816
682.76	17875.4
682.956	18001.6
683.152	17998.2
683.347	18030.3
683.543	18210.5
683.739	18334.8
683.934	18322.5
684.13	18244
684.326	18319.8
684.521	18446.1
684.717	18548.5
684.912	18558.7
685.108	18575.8
685.303	18643.3
685.499	18783.3
685.694	18855
685.89	18865.9
686.085	18898.7
686.281	18999
686.476	19111
686.672	19163.5
686.867	19278.2
687.062	19322.6
687.258	19360.8
687.453	19378.6
687.649	19435.2
687.844	19584.7
688.039	19696
688.235	19803.2
688.43	19753.3
688.625	19700.1
688.82	19739
689.016	19996.4
689.211	20219.6
689.406	20240.8
689.602	20314.5
689.797	20401.2
689.992	20644.9
690.187	20633.3
690.382	20672.9
690.577	20582.1
690.773	20753.4
690.968	20780.7
691.163	20956.9
691.358	20928.9
691.553	21006
691.748	20983.5
691.943	21106.4
692.138	21185.6
692.333	21394.4
692.528	21402.6
692.723	21647.7
692.918	21734.4
693.113	21888.7
693.308	21892.8
693.503	21877.1
693.698	21921.5
693.893	22033.4
694.088	22186.3
694.283	22307.8
694.478	22305.1
694.673	22384.3
694.868	22430
695.063	22590.5
695.257	22607.5
695.452	22665.6
695.647	22601.4
695.842	22650.5
696.037	22801.4
696.232	22880.6
696.426	23019.2
696.621	23093.6
696.816	23243.8
697.01	23310
697.205	23190.5
697.4	23331.1
697.595	23277.2
697.789	23587.1
697.984	23659.5
698.179	23947.6
698.373	24011.8
698.568	23981.7
698.762	24042.5
698.957	24085.5
699.152	24288.9
699.346	24357.9
699.541	24442.5
699.735	24450.7
699.93	24389.3
700.124	24501.2
700.319	24630.9
700.513	24882.8
700.708	24912.2
700.902	25006.4
701.097	24931.3
701.291	24906.7
701.486	24833.7
701.68	25062.4
701.874	25288.3
702.069	25513.6
702.263	25463.8
702.457	25463.8
702.652	25308.8
702.846	25363.4
703.04	25458.3
703.235	25687.7
703.429	25871.3
703.623	25880.9
703.818	25983.9
704.012	25865.8
704.206	25956.6
704.4	26064.5
704.594	26146.4
704.789	26220.8
704.983	26295.9
705.177	26562.8
705.371	26674.1
705.565	26749.9
705.759	26891.2
705.954	27068.7
706.148	27053.7
706.342	27106.2
706.536	27160.8
706.73	27285.1
706.924	27371.8
707.118	27305.6
707.312	27431.2
707.506	27400.5
707.7	27577.3
707.894	27637.3
708.088	27685.8
708.282	27801.2
708.476	27720.6
708.67	27795.7
708.864	27757.5
709.058	28025.8
709.251	28055.8
709.445	28224.4
709.639	28128.9
709.833	28459.9
710.027	28501.6
710.221	28574.6
710.414	28484.5
710.608	28555.5
710.802	28696.8
710.996	28768.5
711.19	28829.3
711.383	28840.2
711.577	28824.5
711.771	28742.6
711.964	28877.7
712.158	28908.4
712.352	29180.8
712.545	29255.2
712.739	29481.2
712.933	29417.7
713.126	29346
713.32	29234.8
713.514	29395.9
713.707	29533.8
713.901	29567.9
714.094	29613.6
714.288	29756.3
714.481	30029.4
714.675	30175.5
714.868	30254
715.062	30337.2
715.255	30361.1
715.449	30366.6
715.642	30263.5
715.836	30077.8
716.029	30185
716.222	30328.4
716.416	30520.2
716.609	30525.7
716.803	30570.7
716.996	30555.7
717.189	30689.5
717.383	30607.6
717.576	30714.8
717.769	30640.3
717.962	30929.1
718.156	31037.6
718.349	31262.2
718.542	31172.1
718.735	31196
718.929	31207.6
719.122	31345.5
719.315	31431.5
719.508	31226.1
719.701	31148.2
719.895	31275.2
720.088	31440.4
720.281	31484.1
720.474	31553.1
720.667	31711.4
720.86	31845.9
721.053	31755.8
721.246	31706
721.439	31772.2
721.632	31848.6
721.825	31898.5
722.018	31943.5
722.211	31988.6
722.404	32215.9
722.597	32276.7
722.79	32435
722.983	32401.6
723.176	32471.9
723.369	32525.8
723.562	32609.8
723.755	32621.4
723.948	32605
724.14	32598.9
724.333	32607.8
724.526	32663.7
724.719	32732
724.912	32773.6
725.104	32661.7
725.297	32770.9
725.49	32881.5
725.683	32999.6
725.875	33035.1
726.068	32997.6
726.261	33081.5
726.454	33244
726.646	33321.8
726.839	33404.4
727.032	33139.5
727.224	33203
727.417	33408.5
727.609	33422.2
727.802	33496.6
727.995	33351.2
728.187	33648.8
728.38	33635.8
728.572	33779.2
728.765	33776.5
728.957	33938.9
729.15	33742.3
729.342	33762.8
729.535	33850.2
729.727	34044.1
729.92	34016.1
730.112	33965.6
730.305	34040.7
730.497	33846.1
730.689	33865.9
730.882	33818.1
731.074	34170.4
731.266	33999
731.459	33997
731.651	33996.3
731.843	34117.1
732.036	34004.5
732.228	34044.1
732.42	34055.7
732.612	34162.8
732.805	34159.4
732.997	34285
733.189	34388.8
733.381	34392.2
733.574	34427.7
733.766	34600.4
733.958	34589.5
734.15	34682.4
734.342	34616.1
734.534	34733.6
734.726	34542.4
734.918	34580
735.111	34412
735.303	34476.2
735.495	34536.3
735.687	34780.7
735.879	34794.3
736.071	34760.2
736.263	34691.2
736.455	34729.5
736.647	34764.3
736.839	34950.6
737.031	35043.5
737.223	35143.8
737.414	35031.9
737.606	35172.5
737.798	35087.2
737.99	35072.1
738.182	34981.4
738.374	35158.2
738.566	34979.3
738.757	35267.4
738.949	34942.4
739.141	35143.8
739.333	34902.8
739.525	35118.6
739.716	35135.6
739.908	35206.6
740.1	35288.6
740.292	35445.6
740.483	35323.4
740.675	35330.9
740.867	35195.7
741.058	35113.1
741.25	35017.5
741.442	34998.4
741.633	35251
741.825	35373.9
742.016	35522.7
742.208	35555.5
742.399	35520
742.591	35459.2
742.783	35363.6
742.974	35324.7
743.166	35319.3
743.357	35357.5
743.549	35301.5
743.74	35320.6
743.932	35275.6
744.123	35303.6
744.314	35205.3
744.506	35186.2
744.697	35320.6
744.889	35448.3
745.08	35578
745.271	35554.8
745.463	35469.5
745.654	35415.5
745.845	35311.1
746.037	35416.9
746.228	35461.9
746.419	35564.3
746.61	35412.1
746.802	35344.5
746.993	35481.7
747.184	35669.5
747.375	35591
747.567	35467.4
747.758	35456.5
747.949	35573.9
748.14	35543.9
748.331	35358.2
748.522	35300.2
748.713	35328.1
748.904	35282.4
749.096	35336.3
749.287	35307.7
749.478	35598.5
749.669	35629.2
749.86	35535.7
750.051	35603.3
750.242	35718.6
750.433	35801.2
750.624	35524.8
750.815	35388.9
751.006	35560.9
751.197	35657.9
751.388	35665.4
751.578	35437.4
751.769	35333.6
751.96	35350.7
752.151	35373.2
752.342	35474.2
752.533	35528.2
752.724	35813.5
752.914	35920.7
753.105	35977.4
753.296	36098.2
753.487	36042.9
753.677	36225.8
753.868	35919.3
754.059	36156.9
754.25	35817.6
754.44	36031.3
754.631	35870.2
754.822	36081.1
755.012	35907
755.203	35981.4
755.394	35879
755.584	36021
755.775	35913.2
755.966	35944.6
756.156	36077
756.347	36185.6
756.537	36395.8
756.728	36298.2
756.918	36199.2
757.109	36085.9
757.299	36040.8
757.49	36094.8
757.68	36137.1
757.871	36222.4
758.061	36254.5
758.252	36249.7
758.442	36132.3
758.632	36043.6
758.823	36151.4
759.013	36197.2
759.203	36254.5
759.394	36199.2
759.584	36004.7
759.774	36037.4
759.965	35788.9
760.155	35922.1
760.345	35984.9
760.536	36159.6
760.726	36176.7
760.916	36178.1
761.106	36104.3
761.297	36115.9
761.487	36019.7
761.677	35788.3
761.867	35572.5
762.057	35409.4
762.247	35679.7
762.437	35834.7
762.628	36019.7
762.818	35893.4
763.008	35851.7
763.198	35818.3
763.388	35860.6
763.578	35771.9
763.768	35732.3
763.958	35681.8
764.148	35958.2
764.338	36010.8
764.528	36004.7
764.718	35872.9
764.908	35853.8
765.098	35844.2
765.288	35764.4
765.478	35811.5
765.667	35804
765.857	35780.7
766.047	35598.5
766.237	35554.1
766.427	35604.6
766.617	35532.9
766.807	35627.8
766.996	35589.6
767.186	35692
767.376	35726.8
767.566	35672.9
767.755	35623.1
767.945	35305.6
768.135	35412.1
768.324	35439.4
768.514	35687.2
768.704	35484.5
768.893	35606.7
769.083	35594.4
769.273	35769.8
769.462	35586.2
769.652	35584.1
769.841	35493.3
770.031	35638.1
770.221	35722
770.41	35742.5
770.6	35593
770.789	35698.8
770.979	35739.8
771.168	35859.9
771.358	35722
771.547	35808.1
771.737	35844.2
771.926	35879.7
772.115	35653.1
772.305	35754.1
772.494	35630.6
772.684	35743.9
772.873	35608.7
773.062	35728.9
773.252	35628.5
773.441	35690
773.63	35646.9
773.82	35687.9
774.009	35573.2
774.198	35484.5
774.387	35542.5
774.577	35514.5
774.766	35530.2
774.955	35537
775.144	35532.3
775.333	35494.7
775.523	35427.8
775.712	35629.2
775.901	35607.4
776.09	35756.9
776.279	35642.8
776.468	35715.9
776.657	35642.8
776.846	35660.6
777.036	35607.4
777.225	35545.2
777.414	35493.3
777.603	35612.1
777.792	35731.6
777.981	35687.2
778.17	35483.1
778.359	35240.8
778.547	35348.6
778.736	35453.8
778.925	35625.8
779.114	35455.8
779.303	35371.8
779.492	35348.6
779.681	35372.5
779.87	35601.9
780.059	35616.2
780.247	35649.7
780.436	35543.2
780.625	35387.5
780.814	35375.2
781.003	35305.6
781.191	35438.7
781.38	35575.9
781.569	35565
781.757	35621.7
781.946	35539.8
782.135	35541.8
782.324	35448.3
782.512	35243.5
782.701	35201.9
782.889	35179.3
783.078	35283.8
783.267	35369.1
783.455	35322
783.644	35418.9
783.832	35338.4
784.021	35334.3
784.209	35227.1
784.398	35215.5
784.586	35081.7
784.775	35059.2
784.963	34982.7
785.152	35145.2
785.34	35131.5
785.529	35210.7
785.717	35076.2
785.906	35097.4
786.094	35167.7
786.282	35344.5
786.471	35188.2
786.659	35160.2
786.847	35128.8
787.036	35472.9
787.224	35560.9
787.412	35505
787.601	35319.3
787.789	35136.3
787.977	35070.1
788.165	35038.7
788.354	35074.9
788.542	35000.5
788.73	34977.3
788.918	34883.1
789.106	34760.9
789.294	34642.8
789.483	34697.4
789.671	34752.7
789.859	34659.8
790.047	34692.6
790.235	34661.9
790.423	34755.4
790.611	34620.9
790.799	34739.7
790.987	34835.3
791.175	34911.7
791.363	34858.5
791.551	34739.7
791.739	34594.3
791.927	34589.5
792.115	34379.9
792.303	34447.5
792.491	34456.4
792.679	34713.1
792.867	34629.1
793.055	34573.1
793.242	34689.9
793.43	34674.8
793.618	34672.1
793.806	34445.5
793.994	34468.7
794.182	34475.5
794.369	34506.9
794.557	34607.9
794.745	34480.3
794.933	34474.1
795.12	34231.1
795.308	34331.5
795.496	34229.1
795.683	34298.7
795.871	34405.2
796.059	34498
796.246	34481
796.434	34345.8
796.622	34254.3
796.809	34404.5
796.997	34513.1
797.184	34681.7
797.372	34573.1
797.559	34522.6
797.747	34450.2
797.934	34367.6
798.122	34529.4
798.309	34517.1
798.497	34560.8
798.684	34465.9
798.872	34584.7
799.059	34840.7
799.247	34861.2
799.434	34911.7
799.621	34813.4
799.809	34883.1
799.996	34971.8
800.183	34872.8
800.371	34823
800.558	34709
800.745	34887.8
800.933	34980.7
801.12	34846.2
801.307	34781.3
801.494	34769
801.682	34939.7
801.869	34870.8
802.056	34811.4
802.243	34805.2
802.43	34856.4
802.618	34850.3
802.805	34822.3
802.992	34999.8
803.179	34930.8
803.366	34866.7
803.553	34674.2
803.74	34644.8
803.927	34708.3
804.114	34763.6
804.301	34782
804.488	34730.8
804.675	34695.3
804.862	34678.9
805.049	34607.3
805.236	34577.2
805.423	34650.3
805.61	34570.4
805.797	34387.4
805.984	34174.5
806.171	34246.8
806.358	34255.7
806.545	34144.4
806.732	33865.9
806.918	33910.3
807.105	33957.4
807.292	34108.9
807.479	34092.5
807.666	34195.6
807.852	34189.5
808.039	33997
808.226	33878.2
808.413	33893.2
808.599	34097.3
808.786	34126
808.973	34099.4
809.159	33972.4
809.346	33935.5
809.533	34012
809.719	33856.3
809.906	33803.8
810.092	33764.9
810.279	33803.8
810.466	33919.8
810.652	33704.1
810.839	33723.9
811.025	33574.4
811.212	33578.5
811.398	33614.7
811.585	33536.9
811.771	33474.7
811.958	33401
812.144	33387.4
812.33	33413.3
812.517	33386.7
812.703	33437.9
812.89	33394.9
813.076	33405.1
813.262	33226.9
813.449	33161.4
813.635	32964.8
813.821	33009.2
814.008	32871.9
814.194	32819.4
814.38	32779.1
814.566	32810.5
814.753	32768.2
814.939	32610.5
815.125	32461
815.311	32505.4
815.497	32405.7
815.684	32453.5
815.87	32361.3
816.056	32413.9
816.242	32176.3
816.428	31928.5
816.614	31859.6
816.8	31861.6
816.986	31845.2
817.173	31717.6
817.359	31755.1
817.545	31793.3
817.731	31830.9
817.917	31628.8
818.103	31525.1
818.289	31391.9
818.475	31609
818.66	31604.9
818.846	31664.3
819.032	31482.7
819.218	31459.5
819.404	31445.2
819.59	31399.5
819.776	31411.7
819.962	31280
820.148	31322.3
820.333	31101.1
820.519	30987.1
820.705	30821.9
820.891	30925.7
821.076	31116.8
821.262	31089.5
821.448	31026
821.634	30895
821.819	30832.2
822.005	30852
822.191	30810.3
822.376	30768.7
822.562	30739.3
822.748	30615.8
822.933	30656.7
823.119	30512.7
823.304	30437.6
823.49	30212.3
823.676	30202.8
823.861	30089.4
824.047	30008.2
824.232	29875.1
824.418	29722.9
824.603	29714.7
824.789	29522.2
824.974	29606.8
825.16	29397.2
825.345	29466.9
825.53	29197.9
825.716	29089.3
825.901	29059.3
826.087	29135.1
826.272	29286.6
826.457	28959.6
826.643	28886.6
826.828	28709.8
827.013	28722.1
827.198	28690
827.384	28728.2
827.569	28603.3
827.754	28553.5
827.94	28386.9
828.125	28447
828.31	28346.6
828.495	28302.2
828.68	28269.5
828.865	28220.3
829.051	28208.7
829.236	28107
829.421	27891.3
829.606	27950
829.791	27859.2
829.976	27952.7
830.161	27784.1
830.346	27737
830.531	27717.9
830.716	27570.4
830.901	27500.8
831.086	27240
831.271	27253
831.456	27220.2
831.641	27355.4
831.826	27227.1
832.011	27203.9
832.196	27074.1
832.381	27148.6
832.566	27088.5
832.751	27167.7
832.935	27128.1
833.12	27147.9
833.305	26909.6
833.49	26878.2
833.675	26782
833.859	26798.4
834.044	26615.4
834.229	26659.1
834.414	26669.3
834.598	26653.6
834.783	26434.5
834.968	26322.5
835.152	26306.8
835.337	26361.5
835.522	26486.4
835.706	26463.9
835.891	26539.6
836.076	26399.7
836.26	26495.3
836.445	26299.3
836.629	26246.8
836.814	26094.5
836.998	26151.2
837.183	26044.7
837.367	25931.4
837.552	25896.6
837.736	25958.7
837.921	25830.3
838.105	25794.2
838.29	25609.2
838.474	25617.4
838.659	25385.9
838.843	25336.8
839.027	25265.1
839.212	25304.7
839.396	25188
839.58	25166.8
839.765	25061
839.949	25128.6
840.133	25211.2
840.318	25116.3
840.502	25065.8
840.686	24982.5
840.87	25030.3
841.054	24945.6
841.239	24841.9
841.423	24790
841.607	24817.3
841.791	24714.9
841.975	24695.1
842.159	24621.4
842.344	24536.7
842.528	24427.5
842.712	24295.1
842.896	24377
843.08	24334.6
843.264	24377
843.448	24295.1
843.632	24292.3
843.816	24335.3
844	24297.8
844.184	24270.5
844.368	24155.8
844.552	24027.5
844.736	23927.1
844.92	23842.5
845.104	23893
845.287	23884.8
845.471	23850.6
845.655	23748.2
845.839	23761.9
846.023	23664.3
846.207	23765.3
846.391	23615.1
846.574	23614.4
846.758	23506.6
846.942	23557.1
847.126	23456.1
847.309	23445.8
847.493	23283.4
847.677	23248.5
847.86	23010.3
848.044	22950.9
848.228	22895.6
848.411	22908.6
848.595	22761.1
848.779	22737.9
848.962	22612.3
849.146	22769.3
849.329	22692.9
849.513	22826.7
849.696	22838.9
849.88	22875.1
850.063	22661.5
850.247	22428
850.43	22297.6
850.614	22380.9
850.797	22434.1
850.981	22507.2
851.164	22493.5
851.348	22484.6
851.531	22484
851.714	22456
851.898	22470.3
852.081	22296.2
852.264	22204.1
852.448	22019.8
852.631	22068.2
852.814	22025.9
852.998	21948.1
853.181	21826.6
853.364	21830.7
853.547	21937.8
853.731	21782.9
853.914	21842.3
854.097	21681.8
854.28	21690.7
854.463	21395.1
854.647	21431.3
854.83	21460
855.013	21547.4
855.196	21389
855.379	21449.1
855.562	21279.1
855.745	21447.7
855.928	21309.1
856.111	21354.9
856.294	21163
856.477	21070.9
856.66	21005.3
856.843	20950.7
857.026	21027.9
857.209	21143.2
857.392	21217.6
857.575	21158.9
857.758	20957.5
857.941	20781.4
858.124	20753.4
858.307	20818.3
858.489	20756.2
858.672	20698.1
858.855	20593.7
859.038	20631.2
859.221	20552.7
859.403	20603.9
859.586	20628.5
859.769	20603.9
859.952	20462.6
860.134	20240.1
860.317	20258.5
860.5	20250.3
860.682	20359.5
860.865	20188.9
861.048	20031.2
861.23	19965.6
861.413	20037.3
861.596	20091.3
861.778	20087.8
861.961	20044.8
862.143	20002.5
862.326	19952
862.508	20022.3
862.691	20051
862.873	19982
863.056	19873.5
863.238	19817.5
863.421	19827.8
863.603	19828.4
863.786	19746.5
863.968	19730.1
864.15	19653.7
864.333	19672.1
864.515	19700.1
864.698	19539
864.88	19454.3
865.062	19276.8
865.245	19313
865.427	19273.4
865.609	19266.6
865.791	19203.1
865.974	19110.3
866.156	19022.9
866.338	18911.6
866.52	18922.5
866.702	18925.3
866.885	18908.9
867.067	18913.7
867.249	18845.4
867.431	18915
867.613	18731.4
867.795	18678.2
867.977	18502
868.159	18474.7
868.342	18421.5
868.524	18538.9
868.706	18570.3
868.888	18554.6
869.07	18377.8
869.252	18324.5
869.434	18253.5
869.616	18315.7
869.797	18371
869.979	18468.6
870.161	18339.6
870.343	18283.6
870.525	18112.9
870.707	18072.6
870.889	18053.5
871.071	18082.2
871.253	18072.6
871.434	18005.7
871.616	17918.4
871.798	17901.3
871.98	17795.5
872.161	17818.7
872.343	17784.6
872.525	17680.8
872.707	17637.1
872.888	17596.8
873.07	17644.6
873.252	17585.9
873.433	17658.3
873.615	17636.4
873.797	17558.6
873.978	17487.6
874.16	17477.4
874.341	17511.5
874.523	17418.7
874.705	17437.1
874.886	17341.5
875.068	17292.4
875.249	17205
875.431	17237.1
875.612	17189.3
875.794	17174.9
875.975	17180.4
876.156	17198.8
876.338	17138.1
876.519	17089.6
876.701	16977
876.882	16976.3
877.063	16905.3
877.245	16989.3
877.426	16999.5
877.607	17067.8
877.789	17001.6
877.97	17013.2
878.151	17018.6
878.332	17151.1
878.514	17015.2
878.695	16982.4
878.876	16832.3
879.057	16988.6
879.239	16943.5
879.42	17027.5
879.601	16989.3
879.782	17032.3
879.963	16975.6
880.144	16990.6
880.325	16888.9
880.506	16968.8
880.688	16931.9
880.869	17002.2
881.05	16943.5
881.231	16882.8
881.412	16865
881.593	16855.5
881.774	16884.8
881.955	16887.6
882.136	16759.2
882.316	16687.5
882.497	16551
882.678	16602.2
882.859	16571.5
883.04	16646.6
883.221	16547.6
883.402	16518.9
883.583	16530.5
883.763	16592
883.944	16569.4
884.125	16428.8
884.306	16374.2
884.487	16321.6
884.667	16447.9
884.848	16549.6
885.029	16594.7
885.209	16573.5
885.39	16350.3
885.571	16354.4
885.751	16285.4
885.932	16465.7
886.113	16395.4
886.293	16409.7
886.474	16345.5
886.655	16400.8
886.835	16401.5
887.016	16434.9
887.196	16412.4
887.377	16375.6
887.557	16283.4
887.738	16320.9
887.918	16258.8
888.099	16293
888.279	16213.8
888.46	16234.9
888.64	16117.5
888.82	16176.2
889.001	16110
889.181	16143.5
889.362	16029.5
889.542	16063.6
889.722	16029.5
889.903	16107.3
890.083	15946.2
890.263	15918.9
890.443	15834.9
890.624	15931.8
890.804	15994
890.984	15939.3
891.164	15933.2
891.345	15955
891.525	15897
891.705	15910
891.885	15746.1
892.065	15820.6
892.245	15789.8
892.425	15735.9
892.606	15707.9
892.786	15635.6
892.966	15728.4
893.146	15709.3
893.326	15705.2
893.506	15639.7
893.686	15688.1
893.866	15626.7
894.046	15626.7
894.226	15496.3
894.406	15514.7
894.586	15486.7
894.766	15458.8
894.945	15460.8
895.125	15423.3
895.305	15378.2
895.485	15416.4
895.665	15411
895.845	15415.7
896.025	15327.7
896.204	15287.4
896.384	15286
896.564	15203.4
896.744	15180.2
896.924	15186.4
897.103	15226
897.283	15195.2
897.463	15165.9
897.642	15073
897.822	15002.1
898.002	14974.7
898.181	14978.8
898.361	14945.4
898.541	14878.5
898.72	14918.1
898.9	15010.9
899.079	15013.7
899.259	14976.8
899.438	14885.3
899.618	14853.2
899.797	14800
899.977	14876.4
900.156	14776.1
900.336	14729.7
900.515	14675.7
900.695	14675.1
900.874	14541.3
901.054	14481.2
901.233	14500.3
901.412	14541.3
901.592	14419.7
901.771	14430
901.95	14404.7
902.13	14470.9
902.309	14407.5
902.488	14333.1
902.668	14238.8
902.847	14208.8
903.026	14238.8
903.205	14216.3
903.384	14136.4
903.564	14121.4
903.743	14098.2
903.922	14094.8
904.101	14093.4
904.28	14063.4
904.459	14042.9
904.639	13982.8
904.818	13923.5
904.997	13875
905.176	13838.8
905.355	13907.8
905.534	13846.3
905.713	13783.5
905.892	13673.6
906.071	13680.4
906.25	13666.1
906.429	13634.7
906.608	13438.8
906.787	13422.4
906.966	13350
907.144	13493.4
907.323	13466.1
907.502	13500.9
907.681	13446.3
907.86	13439.5
908.039	13350.7
908.218	13364.4
908.396	13285.2
908.575	13214.9
908.754	13086.5
908.933	13159.6
909.111	13191
909.29	13212.1
909.469	13082.4
909.648	13044.9
909.826	13055.8
910.005	13055.8
910.183	13082.4
910.362	13047.6
910.541	13042.8
910.719	12983.4
910.898	12887.2
911.076	12810
911.255	12762.3
911.434	12803.9
911.612	12749.3
911.791	12748.6
911.969	12702.2
912.148	12711.7
912.326	12678.3
912.505	12607.3
912.683	12580
912.861	12625
913.04	12562.2
913.218	12572.5
913.397	12401.8
913.575	12386.8
913.753	12285.1
913.932	12266
914.11	12213.4
914.288	12231.2
914.467	12276.9
914.645	12322.6
914.823	12262.6
915.001	12168.3
915.18	12134.9
915.358	12034.5
915.536	12107.6
915.714	11996.3
915.892	12035.9
916.07	11974.5
916.249	12022.3
916.427	11971.1
916.605	11799
916.783	11644.8
916.961	11551.2
917.139	11582.6
917.317	11643.4
917.495	11650.9
917.673	11686.4
917.851	11564.2
918.029	11544.4
918.207	11429
918.385	11433.1
918.563	11364.2
918.741	11351.9
918.919	11411.3
919.097	11364.9
919.275	11336.2
919.453	11231.7
919.63	11233.1
919.808	11254.3
919.986	11190.1
920.164	11087
920.342	10938.2
920.519	10963.5
920.697	10921.1
920.875	11009.9
921.053	10971
921.23	10964.8
921.408	10869.3
921.586	10839.9
921.764	10908.8
921.941	10758
922.119	10746.4
922.297	10573.7
922.474	10568.2
922.652	10446
922.829	10504.7
923.007	10551.8
923.184	10588.7
923.362	10523.8
923.539	10456.2
923.717	10401
923.894	10362.7
924.072	10390
924.249	10413.2
924.427	10401.6
924.604	10353.8
924.782	10255.5
924.959	10248
925.137	10157.2
925.314	10138.8
925.491	10060.3
925.669	10091
925.846	10057.6
926.023	9996.14
926.201	9912.17
926.378	9866.43
926.555	9841.17
926.732	9809.09
926.91	9803.63
927.087	9842.54
927.264	9783.83
927.441	9774.96
927.618	9693.04
927.796	9632.28
927.973	9599.51
928.15	9612.48
928.327	9641.84
928.504	9555.82
928.681	9532.61
928.858	9504.62
929.035	9530.56
929.212	9537.39
929.389	9529.2
929.566	9391.3
929.743	9309.38
929.92	9243.85
930.097	9246.58
930.274	9174.22
930.451	9133.26
930.628	9112.78
930.805	9101.17
930.982	9152.37
931.159	9065.67
931.336	9011.06
931.513	8871.12
931.69	8940.75
931.866	8907.3
932.043	8945.53
932.22	8858.83
932.397	8813.09
932.573	8751.65
932.75	8712.06
932.927	8641.75
933.104	8595.33
933.28	8563.24
933.457	8573.48
933.634	8585.77
933.81	8544.13
933.987	8487.46
934.164	8429.44
934.34	8398.04
934.517	8402.13
934.693	8344.11
934.87	8289.5
935.047	8238.98
935.223	8196.65
935.4	8127.71
935.576	8109.27
935.753	8093.57
935.929	8139.99
936.106	8092.89
936.282	8031.45
936.458	7903.11
936.635	7828.7
936.811	7780.92
936.988	7782.28
937.164	7745.42
937.34	7785.01
937.517	7773.41
937.693	7759.75
937.869	7569.29
938.046	7528.33
938.222	7493.52
938.398	7587.04
938.574	7457.34
938.751	7432.76
938.927	7289.4
939.103	7304.42
939.279	7190.42
939.455	7191.78
939.632	7110.55
939.808	7087.34
939.984	7012.25
940.16	6947.39
940.336	6926.23
940.512	6904.39
940.688	6886.64
940.864	6825.2
941.04	6794.48
941.216	6793.11
941.392	6732.36
941.568	6692.76
941.744	6632.01
941.92	6624.5
942.096	6562.37
942.272	6558.96
942.448	6481.14
942.624	6446.32
942.8	6447.01
942.976	6453.83
943.151	6462.71
943.327	6327.54
943.503	6314.57
943.679	6289.99
943.855	6307.06
944.031	6236.75
944.206	6226.51
944.382	6244.26
944.558	6216.27
944.734	6161.66
944.909	6119.33
945.085	6167.12
945.261	6119.33
945.436	6106.36
945.612	6045.6
945.787	6083.83
945.963	6031.95
946.139	5981.43
946.314	5925.46
946.49	5920.68
946.665	5886.54
946.841	5878.35
947.016	5819.64
947.192	5864.02
947.367	5861.29
947.543	5939.11
947.718	5936.38
947.894	5939.11
948.069	5894.74
948.245	5848.32
948.42	5798.48
948.595	5723.39
948.771	5767.08
948.946	5750.01
949.122	5762.3
949.297	5717.25
949.472	5722.71
949.647	5748.65
949.823	5689.26
949.998	5645.57
950.173	5626.45
950.349	5586.86
950.524	5587.54
950.699	5543.85
950.874	5555.46
951.049	5491.97
951.224	5493.33
951.4	5515.86
951.575	5553.41
951.75	5527.47
951.925	5486.51
952.1	5474.9
952.275	5451.69
952.45	5444.87
952.625	5427.12
952.8	5431.9
952.975	5493.33
953.15	5452.38
953.325	5413.46
953.5	5330.86
953.675	5357.49
953.85	5340.42
954.025	5330.86
954.2	5277.62
954.375	5298.78
954.549	5259.87
954.724	5251.67
954.899	5233.24
955.074	5261.23
955.249	5297.41
955.424	5294
955.598	5240.07
955.773	5169.76
955.948	5143.81
956.123	5141.08
956.297	5130.84
956.472	5098.76
956.647	5098.76
956.821	5113.1
956.996	5083.74
957.171	5117.19
957.345	5099.44
957.52	5090.57
957.695	5031.86
957.869	5019.57
958.044	5050.29
958.218	5034.59
958.393	4999.09
958.567	4950.62
958.742	4926.05
958.916	4911.71
959.091	4945.16
959.265	4951.31
959.44	4992.95
959.614	4917.17
959.789	4872.8
959.963	4784.74
960.137	4805.22
960.312	4820.24
960.486	4837.3
960.66	4837.3
960.835	4815.46
961.009	4790.88
961.183	4716.47
961.357	4616.8
961.532	4628.41
961.706	4598.37
961.88	4674.15
962.054	4641.38
962.229	4695.99
962.403	4630.46
962.577	4633.19
962.751	4609.29
962.925	4609.29
963.099	4594.28
963.273	4522.6
963.448	4560.83
963.622	4487.78
963.796	4522.6
963.97	4463.89
964.144	4487.78
964.318	4453.65
964.492	4453.65
964.666	4472.08
964.84	4459.79
965.014	4467.99
965.188	4406.55
965.362	4389.48
965.535	4350.57
965.709	4346.47
965.883	4346.47
966.057	4316.44
966.231	4323.26
966.405	4323.26
966.579	4308.93
966.752	4272.06
966.926	4283.67
967.1	4295.27
967.274	4257.73
967.447	4208.58
967.621	4194.92
967.795	4205.85
967.969	4144.41
968.142	4119.83
968.316	4135.53
968.49	4197.65
968.663	4203.8
968.837	4169.66
969.01	4123.24
969.184	4097.3
969.357	4068.63
969.531	4110.27
969.705	4054.98
969.878	4075.46
970.052	3990.13
970.225	4007.87
970.399	3934.15
970.572	3974.42
970.745	3958.72
970.919	3963.5
971.092	3967.6
971.266	3933.47
971.439	3935.51
971.612	3807.86
971.786	3865.88
971.959	3857.69
972.133	3886.36
972.306	3820.83
972.479	3788.74
972.652	3788.06
972.826	3819.46
972.999	3776.45
973.172	3753.93
973.345	3689.76
973.519	3730.03
973.692	3734.13
973.865	3705.46
974.038	3698.63
974.211	3620.81
974.384	3648.11
974.557	3577.8
974.731	3605.11
974.904	3601.69
975.077	3652.89
975.25	3636.51
975.423	3579.85
975.596	3510.9
975.769	3563.47
975.942	3595.55
976.115	3590.77
976.288	3514.31
976.461	3463.8
976.634	3465.85
976.806	3492.47
976.979	3505.44
977.152	3499.3
977.325	3462.43
977.498	3459.7
977.671	3431.71
977.844	3424.2
978.016	3370.96
978.189	3398.95
978.362	3349.11
978.535	3375.05
978.707	3352.52
978.88	3381.2
979.053	3349.11
979.226	3326.58
979.398	3298.59
979.571	3342.28
979.743	3302.69
979.916	3365.5
980.089	3312.93
980.261	3336.82
980.434	3292.45
980.607	3311.57
980.779	3330.68
980.952	3297.91
981.124	3276.75
981.297	3267.88
981.469	3249.44
981.642	3196.2
981.814	3168.21
981.987	3127.25
982.159	3154.55
982.331	3159.33
982.504	3187.32
982.676	3181.18
982.848	3161.38
983.021	3140.22
983.193	3128.61
983.365	3130.66
983.538	3101.31
983.71	3051.47
983.882	3013.93
984.055	3053.52
984.227	3050.11
984.399	3058.3
984.571	3025.53
984.743	3053.52
984.916	2986.62
985.088	2950.44
985.26	2901.29
985.432	2924.5
985.604	2906.75
985.776	2937.47
985.948	2918.36
986.121	2961.36
986.293	2910.85
986.465	2893.78
986.637	2848.72
986.809	2864.43
986.981	2850.09
987.153	2854.87
987.325	2815.96
987.497	2850.09
987.669	2857.6
987.84	2850.77
988.012	2770.22
988.184	2805.72
988.356	2844.63
988.528	2886.27
988.7	2832.34
988.872	2787.97
989.043	2775.68
989.215	2753.84
989.387	2748.37
989.559	2765.44
989.73	2782.51
989.902	2814.59
990.074	2756.57
990.246	2716.97
990.417	2666.46
990.589	2645.98
990.761	2649.39
990.932	2630.96
991.104	2666.46
991.276	2637.1
991.447	2656.22
991.619	2633.69
991.79	2654.85
991.962	2622.08
992.133	2622.77
992.305	2610.48
992.476	2596.82
992.648	2585.22
992.819	2601.6
992.991	2595.46
993.162	2590.68
993.334	2547.67
993.505	2527.88
993.676	2511.49
993.848	2464.39
994.019	2470.53
994.19	2488.96
994.362	2527.19
994.533	2541.53
994.704	2534.02
994.876	2514.91
995.047	2502.62
995.218	2501.25
995.389	2525.15
995.561	2501.25
995.732	2450.74
995.903	2428.89
996.074	2411.82
996.245	2422.75
996.417	2435.03
996.588	2460.98
996.759	2447.32
996.93	2398.17
997.101	2381.79
997.272	2377.69
997.443	2374.96
997.614	2339.46
997.785	2355.85
997.956	2351.07
998.127	2360.63
998.298	2330.59
998.469	2291.68
998.64	2281.44
998.811	2293.73
998.982	2344.24
999.153	2343.56
999.324	2314.89
999.494	2273.93
999.665	2268.47
999.836	2247.99
1000.01	2256.18
1000.18	2244.57
1000.35	2261.64
1000.52	2234.33
1000.69	2208.39
1000.86	2200.2
1001.03	2199.52
1001.2	2251.4
1001.37	2229.56
1001.54	2228.87
1001.71	2211.12
1001.88	2222.05
1002.06	2227.51
1002.23	2202.93
1002.4	2196.79
1002.57	2185.18
1002.74	2194.06
1002.91	2187.91
1003.08	2179.04
1003.25	2174.94
1003.42	2172.89
1003.59	2132.62
1003.76	2103.95
1003.93	2105.31
1004.1	2136.03
1004.27	2145.59
1004.44	2112.82
1004.61	2134.67
1004.78	2129.2
1004.95	2145.59
1005.12	2103.95
1005.29	2073.91
1005.46	2068.45
1005.64	2074.59
1005.81	2078.69
1005.98	2070.5
1006.15	2068.45
1006.32	2074.59
1006.49	2099.17
1006.66	2099.85
1006.83	2103.26
1007	2064.35
1007.17	2034.32
1007.34	1999.5
1007.51	2014.52
1007.68	2004.28
1007.85	2024.76
1008.02	1973.56
1008.19	2040.46
1008.36	2062.3
1008.53	2080.05
1008.7	2030.22
1008.87	1981.75
1009.04	2004.28
1009.21	1983.8
1009.38	1984.48
1009.55	1942.16
1009.72	1923.73
1009.89	1921.68
1010.06	1924.41
1010.23	1936.7
1010.4	1944.2
1010.57	1928.5
1010.74	1926.46
1010.91	1918.26
1011.08	1957.86
1011.25	1956.49
1011.42	1972.19
1011.59	1954.44
1011.76	1981.75
1011.93	1933.28
1012.09	1948.98
1012.26	1938.74
1012.43	1945.57
1012.6	1897.78
1012.77	1899.15
1012.94	1875.26
1013.11	1895.74
1013.28	1835.66
1013.45	1849.32
1013.62	1790.61
1013.79	1808.36
1013.96	1760.57
1014.13	1802.9
1014.3	1809.72
1014.47	1866.38
1014.64	1877.3
1014.81	1865.02
1014.98	1847.95
1015.15	1821.33
1015.32	1800.85
1015.49	1776.95
1015.66	1776.95
1015.82	1765.35
1015.99	1768.08
1016.16	1765.35
1016.33	1793.34
1016.5	1809.72
1016.67	1820.64
1016.84	1781.73
1017.01	1766.71
1017.18	1740.77
1017.35	1764.67
1017.52	1765.35
1017.69	1766.03
1017.86	1774.22
1018.02	1774.22
1018.19	1757.84
1018.36	1740.77
1018.53	1714.83
1018.7	1720.98
1018.87	1725.07
1019.04	1723.71
1019.21	1705.96
1019.38	1675.92
1019.55	1720.98
1019.72	1708.01
1019.88	1717.56
1020.05	1669.09
1020.22	1687.53
1020.39	1693.67
1020.56	1712.1
1020.73	1676.6
1020.9	1692.99
1021.07	1669.78
1021.24	1695.04
1021.4	1677.29
1021.57	1677.29
1021.74	1685.48
1021.91	1695.04
1022.08	1691.62
1022.25	1680.7
1022.42	1647.25
1022.59	1662.27
1022.75	1648.61
1022.92	1643.15
1023.09	1641.79
1023.26	1649.98
1023.43	1639.74
1023.6	1605.61
1023.77	1569.43
1023.94	1589.91
1024.1	1594
1024.27	1643.84
1024.44	1627.45
1024.61	1606.97
1024.78	1587.18
1024.95	1595.37
1025.11	1615.85
1025.28	1611.75
1025.45	1613.8
1025.62	1604.92
1025.79	1570.79
1025.96	1547.58
1026.13	1540.76
1026.29	1561.23
1026.46	1578.3
1026.63	1589.91
1026.8	1600.83
1026.97	1594
1027.14	1582.4
1027.3	1574.89
1027.47	1581.03
1027.64	1548.95
1027.81	1547.58
1027.98	1523.69
1028.15	1571.47
1028.31	1548.95
1028.48	1563.97
1028.65	1557.82
1028.82	1570.79
1028.99	1576.25
1029.15	1559.19
1029.32	1538.02
1029.49	1505.26
1029.66	1495.7
1029.83	1522.32
1029.99	1518.91
1030.16	1532.56
1030.33	1519.59
1030.5	1533.93
1030.67	1538.71
1030.83	1533.93
1031	1547.58
1031.17	1550.31
1031.34	1554.41
1031.51	1521.64
1031.67	1467.71
1031.84	1448.6
1032.01	1457.47
1032.18	1498.43
1032.35	1520.28
1032.51	1529.83
1032.68	1488.19
1032.85	1467.03
1033.02	1449.96
1033.18	1507.31
1033.35	1527.78
1033.52	1533.25
1033.69	1512.77
1033.85	1509.35
1034.02	1481.36
1034.19	1467.03
1034.36	1452.69
1034.53	1473.17
1034.69	1475.9
1034.86	1464.3
1035.03	1439.72
1035.2	1432.9
1035.36	1458.84
1035.53	1501.84
1035.7	1482.05
1035.87	1477.95
1036.03	1457.47
1036.2	1473.85
1036.37	1475.22
1036.54	1490.92
1036.7	1495.7
1036.87	1445.87
1037.04	1427.43
1037.2	1412.42
1037.37	1434.94
1037.54	1429.48
1037.71	1451.33
1037.87	1463.61
1038.04	1428.12
1038.21	1477.95
1038.38	1480.68
1038.54	1526.42
1038.71	1475.22
1038.88	1452.69
1039.04	1464.3
1039.21	1445.18
1039.38	1434.26
1039.55	1410.37
1039.71	1402.86
1039.88	1410.37
1040.05	1394.67
1040.21	1429.48
1040.38	1435.63
1040.55	1462.25
1040.72	1423.34
1040.88	1428.8
1041.05	1420.61
1041.22	1424.7
1041.38	1425.39
1041.55	1428.12
1041.72	1437.67
1041.88	1419.24
1042.05	1449.96
1042.22	1467.71
1042.38	1471.81
1042.55	1426.07
1042.72	1388.52
1042.89	1389.21
1043.05	1403.54
1043.22	1412.42
1043.39	1432.9
1043.55	1442.45
1043.72	1443.14
1043.89	1427.43
1044.05	1424.02
1044.22	1417.88
1044.39	1415.15
1044.55	1400.81
1044.72	1428.8
1044.89	1431.53
1045.05	1446.55
1045.22	1427.43
1045.39	1428.8
1045.55	1424.02
1045.72	1421.97
1045.89	1395.35
1046.05	1389.21
1046.22	1387.16
1046.38	1406.95
1046.55	1374.19
1046.72	1399.45
1046.88	1416.51
1047.05	1449.28
1047.22	1441.77
1047.38	1436.31
1047.55	1431.53
1047.72	1415.15
